Wavelength / nm	Responsivity S120VC
230.0	0.00853
231.0	0.00852
232.0	0.00851
233.0	0.008499999999999999
234.0	0.00849
235.0	0.00848
236.0	0.00845
237.0	0.00842
238.0	0.00839
239.0	0.008360000000000001
240.0	0.00833
241.0	0.008278
242.0	0.008226
243.0	0.008174
244.0	0.008122
245.0	0.00807
246.0	0.008016
247.0	0.007962
248.0	0.007908
249.0	0.007854
250.0	0.0078
251.0	0.007758
252.0	0.007716
253.0	0.007674
254.0	0.007632
255.0	0.00759
256.0	0.007562
257.0	0.007534
258.0	0.0075060000000000005
259.0	0.007478
260.0	0.00745
261.0	0.007432
262.0	0.0074140000000000005
263.0	0.007396
264.0	0.007378
265.0	0.00736
266.0	0.007364
267.0	0.007368
268.0	0.007372
269.0	0.007376000000000001
270.0	0.00738
271.0	0.007442
272.0	0.007504
273.0	0.007566
274.0	0.007628
275.0	0.00769
276.0	0.007816
277.0	0.007942
278.0	0.008067999999999999
279.0	0.008194
280.0	0.00832
281.0	0.008496
282.0	0.008672
283.0	0.008848
284.0	0.009023999999999999
285.0	0.0092
286.0	0.00942
287.0	0.00964
288.0	0.00986
289.0	0.01008
290.0	0.0103
291.0	0.01054
292.0	0.01078
293.0	0.01102
294.0	0.01126
295.0	0.0115
296.0	0.01174
297.0	0.01198
298.0	0.01222
299.0	0.012459999999999999
300.0	0.0127
301.0	0.0129
302.0	0.0131
303.0	0.0133
304.0	0.0135
305.0	0.0137
306.0	0.01388
307.0	0.01406
308.0	0.014240000000000001
309.0	0.01442
310.0	0.0146
311.0	0.01476
312.0	0.014920000000000001
313.0	0.01508
314.0	0.01524
315.0	0.0154
316.0	0.015560000000000001
317.0	0.01572
318.0	0.01588
319.0	0.01604
320.0	0.0162
321.0	0.01634
322.0	0.016479999999999998
323.0	0.01662
324.0	0.016759999999999997
325.0	0.0169
326.0	0.01704
327.0	0.01718
328.0	0.01732
329.0	0.01746
330.0	0.0176
331.0	0.0177
332.0	0.0178
333.0	0.017900000000000003
334.0	0.018000000000000002
335.0	0.0181
336.0	0.01828
337.0	0.01846
338.0	0.01864
339.0	0.01882
340.0	0.019
341.0	0.019039999999999998
342.0	0.01908
343.0	0.019119999999999998
344.0	0.01916
345.0	0.0192
346.0	0.01924
347.0	0.01928
348.0	0.01932
349.0	0.01936
350.0	0.0194
351.0	0.01944
352.0	0.01948
353.0	0.01952
354.0	0.01956
355.0	0.0196
356.0	0.01962
357.0	0.019639999999999998
358.0	0.01966
359.0	0.01968
360.0	0.0197
361.0	0.01974
362.0	0.01978
363.0	0.01982
364.0	0.01986
365.0	0.0199
366.0	0.01998
367.0	0.02006
368.0	0.020139999999999998
369.0	0.02022
370.0	0.0203
371.0	0.020419999999999997
372.0	0.02054
373.0	0.020659999999999998
374.0	0.02078
375.0	0.0209
376.0	0.02106
377.0	0.02122
378.0	0.02138
379.0	0.02154
380.0	0.0217
381.0	0.02186
382.0	0.02202
383.0	0.02218
384.0	0.02234
385.0	0.0225
386.0	0.02264
387.0	0.022779999999999998
388.0	0.02292
389.0	0.023059999999999997
390.0	0.0232
391.0	0.02334
392.0	0.02348
393.0	0.02362
394.0	0.02376
395.0	0.0239
396.0	0.024
397.0	0.0241
398.0	0.024200000000000003
399.0	0.024300000000000002
400.0	0.0244
401.0	0.024480000000000002
402.0	0.024560000000000002
403.0	0.02464
404.0	0.02472
405.0	0.0248
406.0	0.02488
407.0	0.02496
408.0	0.02504
409.0	0.02512
410.0	0.0252
411.0	0.02526
412.0	0.02532
413.0	0.02538
414.0	0.025439999999999997
415.0	0.0255
416.0	0.02556
417.0	0.02562
418.0	0.025679999999999998
419.0	0.02574
420.0	0.0258
421.0	0.02588
422.0	0.02596
423.0	0.02604
424.0	0.02612
425.0	0.0262
426.0	0.02628
427.0	0.02636
428.0	0.026439999999999998
429.0	0.02652
430.0	0.0266
431.0	0.02666
432.0	0.02672
433.0	0.026779999999999998
434.0	0.02684
435.0	0.0269
436.0	0.02698
437.0	0.02706
438.0	0.02714
439.0	0.02722
440.0	0.0273
441.0	0.027360000000000002
442.0	0.02742
443.0	0.02748
444.0	0.02754
445.0	0.0276
446.0	0.02766
447.0	0.02772
448.0	0.02778
449.0	0.02784
450.0	0.0279
451.0	0.027960000000000002
452.0	0.02802
453.0	0.02808
454.0	0.02814
455.0	0.0282
456.0	0.02824
457.0	0.02828
458.0	0.02832
459.0	0.02836
460.0	0.0284
461.0	0.02844
462.0	0.028480000000000002
463.0	0.02852
464.0	0.028560000000000002
465.0	0.0286
466.0	0.02864
467.0	0.02868
468.0	0.02872
469.0	0.02876
470.0	0.0288
471.0	0.02882
472.0	0.028839999999999998
473.0	0.02886
474.0	0.02888
475.0	0.0289
476.0	0.028919999999999998
477.0	0.02894
478.0	0.02896
479.0	0.028980000000000002
480.0	0.029
481.0	0.02904
482.0	0.02908
483.0	0.02912
484.0	0.029160000000000002
485.0	0.0292
486.0	0.02922
487.0	0.02924
488.0	0.02926
489.0	0.02928
490.0	0.0293
491.0	0.029339999999999998
492.0	0.02938
493.0	0.029419999999999998
494.0	0.02946
495.0	0.0295
496.0	0.02954
497.0	0.02958
498.0	0.02962
499.0	0.02966
500.0	0.0297
501.0	0.02974
502.0	0.02978
503.0	0.02982
504.0	0.02986
505.0	0.0299
506.0	0.02992
507.0	0.029939999999999998
508.0	0.02996
509.0	0.02998
510.0	0.03
511.0	0.03004
512.0	0.03008
513.0	0.03012
514.0	0.03016
515.0	0.0302
516.0	0.03024
517.0	0.03028
518.0	0.03032
519.0	0.03036
520.0	0.0304
521.0	0.03044
522.0	0.03048
523.0	0.03052
524.0	0.03056
525.0	0.0306
526.0	0.03064
527.0	0.03068
528.0	0.03072
529.0	0.03076
530.0	0.0308
531.0	0.03084
532.0	0.03088
533.0	0.03092
534.0	0.03096
535.0	0.031
536.0	0.031039999999999998
537.0	0.03108
538.0	0.03112
539.0	0.03116
540.0	0.0312
541.0	0.031219999999999998
542.0	0.03124
543.0	0.03126
544.0	0.03128
545.0	0.0313
546.0	0.03134
547.0	0.03138
548.0	0.031420000000000003
549.0	0.03146
550.0	0.0315
551.0	0.03152
552.0	0.03154
553.0	0.031560000000000005
554.0	0.031580000000000004
555.0	0.0316
556.0	0.03164
557.0	0.03168
558.0	0.031720000000000005
559.0	0.031760000000000004
560.0	0.0318
561.0	0.03182
562.0	0.03184
563.0	0.03186
564.0	0.03188
565.0	0.0319
566.0	0.031939999999999996
567.0	0.031979999999999995
568.0	0.03202
569.0	0.03206
570.0	0.0321
571.0	0.032119999999999996
572.0	0.032139999999999995
573.0	0.03216
574.0	0.03218
575.0	0.0322
576.0	0.03222
577.0	0.03224
578.0	0.032260000000000004
579.0	0.03228
580.0	0.0323
581.0	0.03234
582.0	0.03238
583.0	0.032420000000000004
584.0	0.03246
585.0	0.0325
586.0	0.03252
587.0	0.03254
588.0	0.03256
589.0	0.03258
590.0	0.0326
591.0	0.032619999999999996
592.0	0.032639999999999995
593.0	0.03266
594.0	0.03268
595.0	0.0327
596.0	0.03272
597.0	0.03274
598.0	0.032760000000000004
599.0	0.032780000000000004
600.0	0.0328
