Wavelength / nm	385 nm 0,1 A	405nm, 36mA	415 nm, 25 mA	450 nm, 30 mA
230.0	-0.00038422445582523987	-0.0003420560898303164	0.00020943152370954106	-3.367711574554499e-05
231.0	-0.0002781637753674041	-0.000382467293980589	0.00016348209849749662	-0.0003627506467449412
232.0	-7.598560324467325e-05	-1.5657902462795048e-05	0.00016922577664899707	-0.0001479868686190153
233.0	-0.000675891327084267	-7.161187744008746e-05	4.286485731587281e-05	-5.09967752718233e-05
234.0	-0.00019861826502403908	-0.00018041127322926124	-6.626502756273377e-05	-7.870823051388238e-05
235.0	-0.00039416764461815227	-0.0003202962106724834	0.0001720976157247473	-0.00026229662149249546
236.0	0.0001692797203140584	-3.7417781620628034e-05	-0.00021560065950188435	-0.000248440893871461
237.0	-0.0005864026279479707	-0.00037625018564977584	-2.605928050219794e-05	-8.910002622965331e-05
238.0	6.984783238484032e-05	-0.00023014813987574042	-0.0001150862918505366	-0.00015491473242953255
239.0	-6.935681071605557e-05	-0.00014621717740980183	-0.00036493629144102675	-0.0002172655067241581
240.0	-0.0001853606799668037	-0.00015865139407142824	-0.00043960410741060614	-0.00028654414482929104
241.0	-0.000513485910133214	-0.00017419416489844802	-0.000264421923789679	0.00016376700285410258
242.0	-0.00023176222766710863	0.00017707245579231734	-0.0010484339914702094	-0.0002726884172082664
243.0	-0.00024170541646003043	-5.296055244765665e-05	-0.0003390897397592502	-0.0003142556000713501
244.0	-3.289845180868189e-05	-0.00011513163575575343	-0.00035057709606226744	-7.524429860861884e-05
245.0	-0.0003610236819750827	-0.000314079102341679	-0.0002730374410169379	-0.00017916225576632808
246.0	-8.26143957732815e-05	-0.00014621717740980183	-0.0002500627284109197	-0.00028308021292403735
247.0	7.979102117776212e-05	6.101976695037942e-06	-0.00038791100404705306	-0.0001479868686190153
248.0	2.344628468454483e-05	-6.332239966579647e-06	4.8608535467381426e-05	1.4817930928055941e-05
249.0	-0.0002450198127243346	-4.0526335786030225e-05	-0.00022421617672914318	2.8673658549080558e-05
250.0	0.00018253730537128433	-0.0003482731981611296	-0.00012370180907778728	-0.00016530652814530347
251.0	-0.00013895913226650823	-0.00011202308159035124	-0.00025867824563817856	9.622033070313232e-07
252.0	-0.00020524705755264734	-0.0002736678981914064	-3.0845678961716352e-06	-0.0001479868686190153
253.0	-0.00019861826502403908	-3.1200673289814824e-05	-0.00014954836075956382	0.00010488016046473072
254.0	-0.00019530386875972553	7.138161416854575e-05	-0.00010647077462327776	-7.524429860861884e-05
255.0	0.0001692797203140584	3.097041001828196e-05	0.00018071313295200614	-0.00012373934528221977
256.0	0.0001692797203140584	-0.00013067440658278204	9.74297997551761e-05	-2.6749251935027755e-05
257.0	0.00017259411657836253	-0.00017419416489844802	-0.0005889397393497485	-6.831643479811146e-05
258.0	0.00013613575767098884	-0.0003078619940108658	-3.754663680520701e-05	4.4261352122850165e-06
259.0	2.01318884202407e-05	-0.00022082247737952504	-0.00024144721118366088	0.00021226204952769367
260.0	0.00019579489042851028	9.210530860448966e-06	-9.785525739601892e-05	-0.0001445229367137616
261.0	-0.0003775956632966222	-5.296055244765665e-05	-6.339318848698354e-05	-0.00012720327718747346
262.0	-0.00016878869864527364	-0.00018973693572547662	-0.0002730374410169379	-0.0001479868686190153
263.0	-0.00020856145381696088	-0.0003607074148227472	-0.00013231732630504612	1.8281862833309632e-05
264.0	-0.0005101715138689098	-0.00021771392321412285	-0.00010359893554751937	-0.00019648191529261623
265.0	-0.0002649061903101782	-0.00011513163575575343	-0.00019836962504736665	-0.00014105900480850791
266.0	-0.0003477660969178568	-0.00011202308159035124	-0.00034483341791075885	-9.2563958134907e-05
267.0	-0.00045714117363999663	-0.00030475343984546365	-0.00011221445277477822	-0.0003904621019870003
268.0	-8.592879203759505e-05	-4.363488995144125e-05	-0.00020124146412311687	-0.00030039987245031563
269.0	-9.697677958524722e-06	0.0017904120676375198	0.0009733407178597953	0.0016740413135460813
270.0	0.00039797306255125056	-0.000195954044056281	-0.00013231732630504612	-9.60278900401607e-05
271.0	-0.00018867507623111725	9.935860165719194e-05	0.00015486658127023778	2.8673658549080558e-05
272.0	-0.0002781637753674041	0.0003356087182279703	1.1274627482595825e-05	0.000364675053358994
273.0	5.659024732761438e-05	-0.0003202962106724834	1.4146466558346053e-05	-3.367711574554499e-05
274.0	-0.0001257015472092823	-0.000195954044056281	2.659110255336981e-06	-0.00025883268958723195
275.0	0.0002919123820934242	-3.2236858011774587e-06	4.8608535467381426e-05	-7.524429860861884e-05
276.0	-1.6326470487142402e-05	0.00018950667245393494	0.00011753267328544401	0.00026075709620129457
277.0	-0.0001919894724954214	-5.296055244765665e-05	-2.1272882042140816e-07	-7.524429860861884e-05
278.0	-0.00011575835841636047	-0.00011513163575575343	-0.0003563207742137679	-0.00010641968575593161
279.0	7.6476624913458e-05	2.1644747522066553e-05	0.0002783556615276037	0.00029539641525386104
280.0	-0.00020524705755264734	-0.00021149681488330963	0.00014912290311872917	-3.367711574554499e-05
281.0	6.984783238484032e-05	-0.00015243428574061505	-1.1700085123430479e-05	6.677690950691057e-05
282.0	-0.0002483342089886387	-2.8092119124412637e-05	-0.00017826675151709875	-0.00019648191529261623
283.0	6.321903985623206e-05	-0.00018351982739466343	-0.00024719088933516134	-6.485250289284791e-05
284.0	0.00015602213525683247	7.759872249935896e-05	0.00022379071908830038	0.0002503653004855237
285.0	6.321903985623206e-05	-8.404609410170504e-05	0.0001720976157247473	-0.00010988361766119514
286.0	-0.0003046789454818654	0.0003262830557317549	0.00033579244304266534	6.677690950691057e-05
287.0	4.333266227038844e-05	7.449016833394794e-05	6.583956992189912e-05	7.024084141216426e-05
288.0	1.0188699627318893e-05	-3.7417781620628034e-05	-0.00014380468260806337	-0.00022072943862941178
289.0	0.00013945015393529298	-7.472043160548965e-05	-5.956406971921863e-06	-9.429592408739601e-06
290.0	4.664705853469257e-05	-3.430922745522585e-05	-1.1700085123430479e-05	-7.524429860861884e-05
291.0	-9.587198083051687e-05	7.449016833394794e-05	1.4146466558346053e-05	0.0002295817090539818
292.0	3.5599070987012142e-06	-0.00023014813987574042	-4.329031495671563e-05	-0.0002034097791031236
293.0	0.00039465866628694645	-1.5657902462795048e-05	-0.00030175583177446464	4.4261352122850165e-06
294.0	0.00022231006054297157	7.449016833394794e-05	-0.0004022701994258205	-0.00013759507290324438
295.0	0.0002455108343931193	-0.0002519080190335734	-0.0003792954868197942	-6.831643479811146e-05
296.0	-9.9186377094821e-05	4.029607251449736e-05	-0.0003477052569865091	0.00026075709620129457
297.0	1.3503095891623022e-05	-0.0002487994648681712	-6.052134941122515e-05	-5.792463908234053e-05
298.0	-0.0001257015472092823	0.00012422703498043595	0.0003243050867396481	9.622033070313232e-07
299.0	5.990464359191851e-05	-0.0003171876565070812	-0.00022421617672914318	-9.60278900401607e-05
300.0	-6.272801818743788e-05	-0.00012134874408656664	0.00010030163883092632	-9.429592408739601e-06
301.0	-0.00029142136042463945	0.00013976980580745574	0.00043056313254250444	8.409656903318887e-05
302.0	-0.0002881069641603259	-3.1200673289814824e-05	2.5633822861355124e-05	2.5209726643826865e-05
303.0	0.000364829099908181	1.2319085025851153e-05	0.0002898430178306209	-3.021318384028145e-05
304.0	-3.6212848072986015e-05	-4.363488995144125e-05	-0.00027878111916844646	-5.09967752718233e-05
305.0	0.00045431779904446783	3.097041001828196e-05	0.00033579244304266534	-5.09967752718233e-05
306.0	-8.924318830189918e-05	-0.00017108561073304583	0.0003271769258154065	-0.00025190482577672457
307.0	-0.00033450851186063083	-0.00014621717740980183	-0.00027016560194118765	-0.0003869981700817367
308.0	0.0001427645501995971	-1.5657902462795048e-05	-0.0003276023834562411	2.5209726643826865e-05
309.0	-0.0001290159434735864	8.381583083016333e-05	-0.00010072709647176914	4.5993318075368715e-05
310.0	-3.952724433729014e-05	8.381583083016333e-05	-0.00040801387757732096	-2.6749251935027755e-05
311.0	0.0003548859111152592	-9.337175659792043e-05	-4.903399310821608e-05	-0.00021033764291364087
312.0	0.00037808668496540696	2.1644747522066553e-05	0.00015486658127023778	8.063263712793518e-05
313.0	-0.0002019326612883432	-0.00013067440658278204	-3.0845678961716352e-06	0.00016030307094883902
314.0	-0.00016878869864527364	-9.958886492872482e-05	-8.636790109300168e-05	1.1353999022802248e-05
315.0	-0.0001853606799668037	-0.0004228784981308528	-0.0005544776704407132	-0.00019648191529261623
316.0	0.00017590851284267608	0.00010246715582259413	9.74297997551761e-05	-0.00015491473242953255
317.0	-0.00011244396215204693	0.00023302643076960974	0.0001347637077399617	0.00012219981999101888
318.0	0.00010299179502791929	0.00021437510577717895	3.4249340088613965e-05	-5.09967752718233e-05
319.0	0.0002919123820934242	0.00013666125164205355	0.00022379071908830038	-3.021318384028145e-05
320.0	-0.00013233033973789055	9.003293916097655e-05	0.00019794416740652384	-6.831643479811146e-05
321.0	0.00025876841945035464	-7.782898577089182e-05	-0.0002931403145472058	4.4261352122850165e-06
322.0	0.00030516996715065014	-5.606910661305884e-05	0.00024102175354281805	-0.00010641968575593161
323.0	0.0002620828157146588	0.0004071054640322913	8.019876530065841e-05	0.00010488016046473072
324.0	0.0002985411746220325	0.00028587185158149113	6.296773084614072e-05	-0.00038007030627122934
325.0	0.0004708897803660073	0.0004195396806939089	4.573669639162304e-05	-0.00018262618767158178
326.0	-1.3012074222838272e-05	4.340462667989954e-05	9.455796067942587e-05	-0.00015491473242953255
327.0	0.00031179875967926786	0.0002485692015966295	-0.0001150862918505366	-5.792463908234053e-05
328.0	0.00021568126801435389	0.0003356087182279703	-0.00010647077462327776	-3.367711574554499e-05
329.0	-0.0001091295658877428	0.0005096877514906519	-0.00022995985488064364	-2.6749251935027755e-05
330.0	0.00020573807922143208	0.00027032908075447134	0.00019794416740652384	-8.217216241913607e-05
331.0	-0.00013233033973789055	0.00033871727239338133	0.0003099458913608888	0.00018455059428564442
332.0	-2.626965928006421e-05	0.00036358570571661653	-5.47776712597247e-05	-5.09967752718233e-05
333.0	7.316222864915387e-05	0.0007241779889035972	0.000867082672056939	0.0004789848062324741
334.0	0.00019910928669282383	0.0002672205265890603	0.00022091888001255015	-0.0001756983238610744
335.0	0.0006134088197312168	0.00020504944328096354	0.00016635393757324685	-0.000130667209092737
336.0	0.000301855570886346	0.00029519751407770654	8.594244345216703e-05	-0.00012373934528221977
337.0	0.0004510034027801637	0.0003138488390701373	0.00048799991405756616	8.756050093845242e-05
338.0	0.0006697535562244341	0.000857845818016015	0.0005770269254059048	8.756050093845242e-05
339.0	0.0002919123820934242	0.0006184871472798257	0.00019794416740652384	2.174579473857317e-05
340.0	0.00032505634473649375	0.0007303950972344105	0.00048799991405756616	0.00040970616812733136
341.0	0.0009282764648403917	0.0005656417264679443	9.455796067942587e-05	-0.00010988361766119514
342.0	0.0006498671786385904	0.0004661679931749859	0.0005368211783453608	4.4261352122850165e-06
343.0	0.00047751857289462504	0.00044751666818255515	0.00047076887960304843	-6.831643479811146e-05
344.0	0.00018585170163559788	0.00020194088911556135	0.0002352780753913176	1.4817930928055941e-05
345.0	0.0007028975188675036	0.0003138488390701373	0.000353023477497183	0.00012912768380152627
346.0	0.000954791634954853	0.0004941449806636321	0.0005052309485120838	-9.949182194542423e-05
347.0	0.0006863255375459736	0.0004692765473403881	5.722405269464027e-05	-9.949182194542423e-05
348.0	0.0010674811079412969	0.0004133225723630957	0.00041333209808798677	-0.00020687371100838717
349.0	0.0009978787863908444	0.0006091614847836103	0.00012902002958846125	4.2529386170105176e-05
350.0	0.0007526134628321127	0.0004723851015057903	0.0002898430178306209	-0.0001341311409979907
351.0	0.0008686173320828608	0.0010288162971132946	0.0005626677300271374	0.0007283879034109665
352.0	0.0010973106743200625	0.00034804293488959674	0.0002324062363155592	9.448836474895979e-05
353.0	0.0008222157843825654	0.0007303950972344105	0.00044492232792127194	0.0003334996662116812
354.0	0.0004576321953087814	0.0005687502806333465	0.0005195901438908431	5.984904569639333e-05
355.0	0.0009017612947259398	0.0005159048598214651	0.00014912290311872917	-0.00013759507290324438
356.0	0.0011536554108132796	0.0007366122055652237	0.00037312635102745097	0.00020187025381192272
357.0	0.0010608523154126792	0.00044440811401715296	0.0004018447417849777	-9.2563958134907e-05
358.0	0.0009349052573690093	0.0005811844972949729	0.0002984585350578797	9.10244328437061e-05
359.0	0.001143712222020358	0.0007117437722419797	0.0005109746266635843	3.560152235959779e-05
360.0	0.001243144109949576	0.0009697537679705998	0.00036738267287594233	0.0001914784580961518
361.0	0.0011403978257560538	0.0005656417264679443	0.0004793843968303073	0.00015337520713833166
362.0	0.0012166289398351147	0.000857845818016015	0.0007292343964208056	0.00028154068763283646
363.0	0.0017403035495956475	0.0006651154597609027	0.0008354924422236538	2.8673658549080558e-05
364.0	0.0012994888464427931	0.0008485201555197997	0.0003817418682547098	0.00018455059428564442
365.0	0.0018695650039036215	0.0008423030471889864	0.0009101602581932332	0.00011180802427524795
366.0	0.001833106644996248	0.0013303460511575806	0.0003070740522851386	0.00028154068763283646
367.0	0.002363410047285389	0.0009324511179857383	0.00028409933967911226	0.0003923865086010531
368.0	0.0029401149972748254	0.001246415088691642	0.0005138464657393427	0.00025729316429603106
369.0	0.004057066538346334	0.0011003130429176067	0.0004190757762394954	0.0002330456409592355
370.0	0.006748356304963736	0.0014204941219543236	0.000528205661118102	9.448836474895979e-05
371.0	0.011073643429884563	0.0011407242470678704	0.0003817418682547098	0.0003161800066854029
372.0	0.01855755019469009	0.001423602676119726	0.0003271769258154065	0.0001499112752330681
373.0	0.029465228300524896	0.001361431592811629	0.0008010303733146266	-0.00013759507290324438
374.0	0.044323666753413815	0.0017064811051715812	0.0009848280741628045	0.00026422102810654826
375.0	0.06678201584035903	0.0022629123007790854	0.0010910861199656607	7.370477331741795e-05
376.0	0.09423184570135079	0.002464968321530413	0.0006086171552391817	0.0002365095728644892
377.0	0.13279484623656443	0.0029250343380103523	0.0005109746266635843	0.0004928405338534988
378.0	0.18682613413729945	0.003322929271182195	0.0007120033619662879	0.0004131701000325949
379.0	0.2572272251874475	0.0044015975665777345	0.001065239568283884	0.00016030307094883902
380.0	0.36118326401744105	0.005862618024318088	0.0010049309476930723	0.0004824487381377278
381.0	0.4943126187658661	0.007637602452764355	0.000703387844739029	0.0003092521428748857
382.0	0.6629789302601923	0.01010890301426134	0.0012404217519048112	-9.429592408739601e-06
383.0	0.8298057518278281	0.013739694279454399	0.0010681114073596344	0.00023997350476975273
384.0	0.9616259200518519	0.018906111302357538	0.0012834993380410973	0.0002746128238223192
385.0	1.0	0.026167693832743658	0.0014615533607377747	0.0002919324833485975
386.0	0.9373347098307447	0.036177238245347805	0.0014012447401469629	0.0002884685514433438
387.0	0.8091338623273445	0.05063512366864653	0.001742993590161558	0.0005378716486218361
388.0	0.6566219182252513	0.07009778129824734	0.001742993590161558	0.00026422102810654826
389.0	0.5412046971132836	0.09626869881679218	0.0020158183023580747	0.0004859126700429815
390.0	0.4428632455550263	0.12755007938326285	0.0024063884166604563	0.0004478094190851614
391.0	0.3822893394285489	0.16950934350789976	0.002702187841462999	0.0003300357343064275
392.0	0.3359706516348566	0.22200971480742507	0.0033512234725831466	0.0004824487381377278
393.0	0.29804732957865426	0.2838357486031654	0.00443965048229347	0.0004963044657587525
394.0	0.26990479089842234	0.3706669921054237	0.0052322780672012514	0.0002503653004855237
395.0	0.23126555924912962	0.47123804501877214	0.006676813122304929	0.0006868207205478827
396.0	0.19693172834717193	0.5892791723416968	0.008543508521544275	0.0006902846524531364
397.0	0.1654449638362541	0.7257602429738041	0.01041307575985938	0.0005655831038638953
398.0	0.1337162483980418	0.8429434093470769	0.01343137862847561	0.000683356788642629
399.0	0.11211964233981644	0.9428212546815401	0.016567426899197706	0.0008738730434317496
400.0	0.0936750271289472	1.0	0.022601160797354428	0.0011440597320417837
401.0	0.0788331606573798	0.9965650476472274	0.02919203147620719	0.000742243631031991
402.0	0.07174035265176251	0.9304554262115589	0.03796549985263212	0.0007353157672214739
403.0	0.06341127483955866	0.8090757117149894	0.049128338340083406	0.0007872747458003285
404.0	0.0578629754931085	0.6853086276193886	0.0645587296941034	0.0008808009072422668
405.0	0.05310350245756344	0.5531546643855252	0.08253069863016467	0.0009431516815368924
406.0	0.04828768468552517	0.45900588437790346	0.10379379514703871	0.0009466156134421461
407.0	0.04127110779398695	0.3775182454859764	0.13021471464396484	0.00154933976495684
408.0	0.0375357832041128	0.3244894199783322	0.1654435645862249	0.0015147004459042637
409.0	0.031785305685539895	0.28485846292358363	0.2019302800436647	0.002082785278366391
410.0	0.02657507475804907	0.25350247705714324	0.2431009650336574	0.0020620016869348492
411.0	0.02289609490466814	0.22417948561487777	0.299842761492382	0.002841386365617639
412.0	0.019687759320818822	0.19949756554156195	0.369651425745782	0.003606915316679404
413.0	0.016933496025179587	0.17367480608954247	0.43759913827809416	0.004029515009120739
414.0	0.015379044177219536	0.14941875793688714	0.5344748858204648	0.004545640863004002
415.0	0.012906504564046413	0.12266964934357695	0.6325912678435606	0.005221107584529092
416.0	0.011729893890217374	0.10040929296511164	0.7241885751646973	0.006523545980905662
417.0	0.01031464668535822	0.08198800098092152	0.7965416888392144	0.007718602488219279
418.0	0.00966833941381833	0.06995478780663872	0.9163375840451683	0.009343186551784738
419.0	0.00890271387676338	0.05710091633268897	0.9828579925568313	0.011719443838790927
420.0	0.007437750727939627	0.049556455373251	1.0	0.01431739276773356
421.0	0.006546178132841006	0.043112422588366395	0.961704025924836	0.017119713679086348
422.0	0.006171651354974291	0.037961548336290285	0.9323911644786267	0.020909255183437333
423.0	0.005677806311592533	0.03484366850838905	0.8858271657043701	0.025585563255534072
424.0	0.004454794090063197	0.031191117364038155	0.7612352992419089	0.031197132942050166
425.0	0.004176384803861396	0.027836987419566153	0.6506178017220611	0.03786520185966959
426.0	0.004023922575703265	0.024072528325260675	0.5537966191221299	0.046126679453707145
427.0	0.0042095287665044655	0.02125306969723833	0.47826150775167864	0.05671938321998259
428.0	0.003294755397555697	0.01806991023186359	0.4030020929324998	0.06760652119820484
429.0	0.0035367063248501153	0.015887705207749264	0.3432218907316287	0.08117127853919064
430.0	0.0026351905409585726	0.013466141512898759	0.3056323890690997	0.09527294532549126
431.0	0.002476099520271833	0.011625877446978993	0.2857334161132083	0.1121977166145762
432.0	0.0025357586530293545	0.009934823980998658	0.25738549259645205	0.12728660399387498
433.0	0.0023236372921137016	0.00852043183573938	0.2289743886200292	0.14474482079636947
434.0	0.0019192809478682305	0.007289444386238992	0.20423923866057	0.160072719477131
435.0	0.0016640724355165772	0.0062356445241666955	0.18367687087817966	0.17292390684563388
436.0	0.0015745837363802904	0.005958983203445645	0.16462509044963533	0.19016735987000247
437.0	0.0013127464315000191	0.005150759120440342	0.14072277382214443	0.20442836752394491
438.0	0.00149835262230122	0.004737321416441472	0.11751257041191002	0.22028278385430547
439.0	0.0013724055642575501	0.004323883712442609	0.10163417216207257	0.23620647882277118
440.0	0.0015712693401159768	0.003571613604414591	0.08668624977277903	0.25669909997427065
441.0	0.001256401695006802	0.0032016956587313946	0.07465324404537464	0.28511373339309254
442.0	0.0015049814148298377	0.004090742150037233	0.06284998544403046	0.31694726760240294
443.0	0.0012696592800640278	0.0027198697630936223	0.054220109021393174	0.35329084115235776
444.0	0.0007095263113961213	0.0021043760383434237	0.0485309958123268	0.4036564110547922
445.0	0.0005835792533524513	0.0018308232717877836	0.043849898118849685	0.46178465235690735
446.0	0.0010509091266197575	0.0014826652052624203	0.0390567987014182	0.5271351916814829
447.0	0.000828844576911183	0.0013241289428267673	0.03450780560542569	0.6029121660408816
448.0	0.0005438064981807641	0.001454688217773783	0.03148088721958221	0.6934732017719166
449.0	0.0007923862180037999	0.0009852965387976197	0.028204118834148213	0.7839511031372254
450.0	0.0006432383861099822	0.0010692275012635583	0.02529207401133484	0.8683082368259454
451.0	0.000653181574902904	0.000767697747219272	0.0221703849359915	0.9302086999728851
452.0	0.0006598103674315122	0.0007521549763922435	0.018615048160209487	0.9808479204958349
453.0	0.00028859798582911065	0.001150049909564086	0.01639224471557679	1.0
454.0	0.0005438064981807641	0.0006433555806030697	0.01413785104111081	0.9782742190902289
455.0	0.0002455108343931193	0.0007583720847230567	0.012546852193143733	0.950597403167227
456.0	0.00019579489042851028	0.00042575678902472214	0.010622720012389333	0.8849177903116519
457.0	0.0001427645501995971	0.00035115148905499893	0.009755424611511973	0.8218049509978722
458.0	0.00014939334272821478	0.0006526812430992851	0.008095501625726831	0.7124624764765346
459.0	0.00019910928669282383	0.00042575678902472214	0.007581442431167076	0.6154897027888693
460.0	-5.941362192313376e-05	-0.00017730271906385022	0.0069094320874409105	0.5449571213340294
461.0	5.990464359191851e-05	0.00027965474325068675	0.006392501053805404	0.4788341251945816
462.0	0.0002620828157146588	3.407896418368414e-05	0.005996187261351506	0.42560734753840485
463.0	0.0001692797203140584	0.0002454606474312273	0.0054132039289736785	0.38060740815721317
464.0	0.00020905247548574563	-0.0002239310315449272	0.0042443654251422755	0.3502044778247739
465.0	6.874303363005344e-06	-7.472043160548965e-05	0.004146722896566678	0.32450903095157857
466.0	-8.924318830189918e-05	0.00012111848081502494	0.003951437839415491	0.2988343676698149
467.0	0.00044437461025154606	0.00013355269747665136	0.0037015878398249926	0.283825150724337
468.0	-7.929999950897738e-05	6.101976695037942e-06	0.003153066576356201	0.26369624242288947
469.0	-0.00022513343513849094	-0.00014000006907899745	0.0028256769217203733	0.25001717532903023
470.0	-5.941362192313376e-05	-8.715464826710723e-05	0.0022484372674940554	0.2274323393067556
471.0	0.00013613575767098884	-0.00023947380237195583	0.0023747981868271796	0.2138017672595699
472.0	-0.00022513343513849094	-0.00024258235653735802	0.0018176614061311293	0.19092596095725373
473.0	0.0002687116082432765	-0.00016486850240223262	0.0017372499120100495	0.17321141319377023
474.0	0.00016265092778544073	-0.00016175994823683043	0.0017056596821767643	0.15559731945553917
475.0	0.0001328213614066753	-4.9851998282245626e-05	0.0010997016371929195	0.142472481466521
476.0	7.316222864915387e-05	7.759872249935896e-05	0.0012633964645108295	0.12668041591045504
477.0	0.00020242368295712794	5.2730289176114944e-05	0.0014586815216620244	0.11574824681746446
478.0	-7.598560324467325e-05	-6.228621494387205e-05	0.0012260625565260438	0.1049477071368736
479.0	-0.0002847925678960218	-0.00036692452315356043	0.0009762125569355455	0.09752103713200294
480.0	0.0003847154774940246	-9.958886492872482e-05	0.0009216476144962422	0.08960248879658579
481.0	-0.00022844783140279508	-0.0002239310315449272	0.001073855085511143	0.08313532792947127
482.0	-0.00032787971933201317	-5.296055244765665e-05	0.0007723119825570917	0.07738520096674491
483.0	0.00031179875967926786	-0.00021460536904871182	0.000528205661118102	0.07304835822136334
484.0	0.00022231006054297157	1.5427639191253342e-05	0.0008699545111326892	0.0682681321921089
485.0	0.00030516996715065014	4.029607251449736e-05	0.0012748838208138384	0.06333549315902315
486.0	7.979102117776212e-05	9.935860165719194e-05	0.0006861568102845114	0.058163842824474676
487.0	0.00025876841945035464	-0.000379358739815178	2.5633822861355124e-05	0.05304761540041033
488.0	0.000653181574902904	-7.161187744008746e-05	0.000990571752314313	0.04759538658153605
489.0	0.0002985411746220325	-0.0001555428399060172	0.000579898764481655	0.043417884703796296
490.0	0.00011293498382083167	-3.2236858011774587e-06	0.00046502520145153984	0.0384332866921317
491.0	0.0005769504608238336	-6.228621494387205e-05	0.00041046025901223654	0.03404448496817128
492.0	0.0003482571185866415	-0.0002332566940411426	0.0005483085346483699	0.029783848724705367
493.0	0.0010243939565052962	-0.00014310862324439964	0.00014337922496722054	0.026437690504227257
494.0	0.00043443142145863366	-9.648031076332263e-05	0.000508102787587834	0.023060356896601835
495.0	0.0008155869918539476	0.0006278128097760411	4.8608535467381426e-05	0.020777625771037575
496.0	0.0007194695001890431	0.0007956747347079183	0.0009675970397082866	0.019069907341745948
497.0	0.0010774242967342188	0.00033871727239338133	0.00013763554681572008	0.016710969714266038
498.0	0.00044437461025154606	0.00020815799744636573	1.1274627482595825e-05	0.015245726518342396
499.0	0.0006962687263388954	0.0003915626932052627	0.0002151752018610415	0.01369042109288207
500.0	0.0006465527823742863	4.029607251449736e-05	0.00043056313254250444	0.012814046320852089
501.0	0.00099456439012654	0.00020504944328096354	0.0004047165808607279	0.011518535788286035
502.0	0.0005968368384096773	0.0002765461890852757	0.00018645681110351478	0.010157210549520094
503.0	0.0011503410145489756	0.0002454606474312273	6.583956992189912e-05	0.009163062092711378
504.0	0.0008951325021973221	0.00037601992237823413	8.019876530065841e-05	0.008501451098807322
505.0	0.0011006250705843665	0.00012111848081502494	0.0005741550863301464	0.007088166881462526
506.0	0.0008454165582327131	0.00011800992664962274	0.00016922577664899707	0.006485442729947842
507.0	0.0011702273921348192	0.0005096877514906519	0.00020081600648228222	0.006461195206611037
508.0	0.0013127464315000191	0.00028898040574690216	0.0002898430178306209	0.005612531889823114
509.0	0.0010144507677123838	0.0002672205265890603	0.00021230336278529129	0.004885106189719179
510.0	0.0011238258444345142	0.00044751666818255515	-5.190583218396631e-05	0.004486754020614639
511.0	0.0012862312613855674	0.00044129955985174193	-1.1700085123430479e-05	0.004015659281499704
512.0	0.0016508148504593512	0.00029519751407770654	0.00015486658127023778	0.0036311628400161997
513.0	0.0010442803340911398	0.0003325001640625681	4.286485731587281e-05	0.0030769337351751066
514.0	0.001584526925173212	0.0006464641347684719	0.0003042022132093802	0.0027478602041757006
515.0	0.001534810981208603	0.0004910364264982211	-0.00025580640656242015	0.0025711996770076046
516.0	0.0016640724355165772	0.0006620069055955005	7.158324807339957e-05	0.0024083948774605334
517.0	0.0013326328090858628	0.00028276329741608894	-0.000304627670850223	0.0020412180955033075
518.0	0.0018662506076393174	0.0007024181097457642	-0.00019836962504736665	0.001677505245451335
519.0	0.001584526925173212	0.0005749673889641597	-9.785525739601892e-05	0.0017121445645039111
520.0	0.0021579174788983447	0.0009884050929630306	0.0004075884199364863	0.0016532577221145394
521.0	0.0017038451906882643	0.0008609543721814172	4.573669639162304e-05	0.0013034005996836013
522.0	0.0017535611346528733	0.000991513647128433	0.0002697401443003448	0.0012133383701469266
523.0	0.002015398439533135	0.0007490464222268413	-8.923974016876007e-05	0.0011094204129892173
524.0	0.0023600956510210756	0.0007552635305576545	0.00045353784514853075	0.0008565533839054712
525.0	0.0023932396136641543	0.0010070564179554527	0.0003099458913608888	0.0008704091115264959
526.0	0.002134716705048197	0.0007770234097154875	0.0004190757762394954	0.0008045944053266166
527.0	0.0023998684061927625	0.0009821879846322174	-5.47776712597247e-05	0.0006902846524531364
528.0	0.0027644519952665465	0.0009386682263165427	-9.785525739601892e-05	0.0006868207205478827
529.0	0.002008769647004527	0.0011469413553986836	8.402788406837435e-06	0.0005863666952954371
530.0	0.0023998684061927625	0.0024525341048687865	0.0010164183039960894	0.0019823312531139455
531.0	0.002197690234070032	0.0010257077429478834	0.00013189186866421147	0.0004131701000325949
532.0	0.0024727851240075194	0.0009697537679705998	0.00020943152370954106	0.0002295817090539818
533.0	0.0027677663915308603	0.0006775496764225292	9.168612160367565e-05	0.00024343743667500642
534.0	0.002492671501593363	0.001271283522014886	9.168612160367565e-05	0.0002884685514433438
535.0	0.002452898746421676	0.0011935696678797606	-0.0001294454872292959	-0.0001756983238610744
536.0	0.002300436518263554	0.0012806091845111015	1.701830563409628e-05	1.4817930928055941e-05
537.0	0.0030428612814683478	0.0009852965387976197	-0.00014380468260806337	-0.00010641968575593161
538.0	0.0029202286196889915	0.0012339808720300246	0.0003961010636334691	0.00025729316429603106
539.0	0.0028009103541739295	0.0008702800346776327	-8.349606201725146e-05	-0.0003107916681660866
540.0	0.0028738270719886865	0.0010319248512786967	-0.0002270880158048934	1.1353999022802248e-05
541.0	0.0034405888331852106	0.0015137507469164776	0.00022379071908830038	0.00018455059428564442
542.0	0.002807539146702547	0.0012806091845111015	4.573669639162304e-05	-0.000151450800524269
543.0	0.0029898309412394347	0.001613224480209436	0.0002668683052245946	5.638511379113964e-05
544.0	0.0028539406944028426	0.00131169472616515	0.0003099458913608888	-0.0001756983238610744
545.0	0.003072690847847113	0.0012588493053532596	-2.1272882042140816e-07	-0.000227657302439929
546.0	0.002906971034631756	0.001451579663608372	0.000157738420345988	-0.0003766063743659658
547.0	0.002877141468252991	0.001265066413684073	0.00011466083420969379	-0.0004735964677131578
548.0	0.0029169142234246777	0.0012060038845413783	0.0002151752018610415	-0.00029000807673454474
549.0	0.002834054316816999	0.0012526321970224553	-9.498341832026053e-05	-0.00031771953197660377
550.0	0.002781023976588086	0.001333454605322983	0.0003099458913608888	-0.0003107916681660866
551.0	0.002930171808481904	0.0017593265259834715	0.0003042022132093802	-0.0003627506467449412
552.0	0.0026882208811874857	0.0014640138802699896	0.0004391786497697633	-0.000151450800524269
553.0	0.0031389787731332616	0.0012370894261954266	3.4249340088613965e-05	-0.0005186275824814952
554.0	0.0032980697938200013	0.0013054776178343366	-0.0002213443376533848	-0.00026922448530300284
555.0	0.00336435771910614	0.0012899348470073169	0.00012327635143695264	-0.00022072943862941178
556.0	0.0028837702607816085	0.0013738658094732466	0.00026399646614884436	-0.0002761523491135201
557.0	0.0031787515283049394	0.0011904611137143496	8.019876530065841e-05	-0.0002796162810187738
558.0	0.003248353849855392	0.001519967855247282	0.000157738420345988	-0.00038007030627122934
559.0	0.0035996798538719503	0.001613224480209436	0.00037887002917895955	-0.0004735964677131578
560.0	0.002754508806473634	0.0016847212260137482	0.000528205661118102	-0.0005013079229552169
561.0	0.002969944563653591	0.0019396226675769573	0.0005540522127998785	-0.000587906220586638
562.0	0.003046175677732661	0.0013489973761500115	0.0002496372707700769	-0.000549802969628808
563.0	0.0029633157711249827	0.001588356046886192	-2.318744142643955e-05	-0.0006537209267865172
564.0	0.002618618559637033	0.0015728132760591722	0.0004592815233000312	-0.0006260094715444582
565.0	0.0029368006010105216	0.0011407242470678704	0.0002467654316943267	-0.0004493489443763623
566.0	0.0027677663915308603	0.0013863000261348643	0.00016635393757324685	-0.000549802969628808
567.0	0.003596365457607646	0.0012153295470375936	0.0003759981901032012	-0.0005255554462920124
568.0	0.0032649258311769317	0.0016847212260137482	-0.0001466765216838136	-0.00013759507290324438
569.0	0.0031754371320406355	0.0012899348470073169	0.0004047165808607279	-0.00029000807673454474
570.0	0.00300308852629667	0.0014173855677889215	-1.4571924199180706e-05	-0.0006052258801129163
571.0	0.002804224750438234	0.001404951351127295	5.4352213618881885e-05	-0.0006779684501233128
572.0	0.0025125578791792068	0.0015044250844202622	0.00023814991446706782	-0.000490916127239446
573.0	0.0032881266050270794	0.0015324020719089085	-3.1802958653698394e-05	-0.0005186275824814952
574.0	0.0027843383728523904	0.001454688217773783	-0.0003477052569865091	-0.0005982980163024089
575.0	0.002777709580323782	0.001383191471969462	0.00017496945480050568	-0.0006675766544075418
576.0	0.002433012368835832	0.0013521059303154136	8.019876530065841e-05	-0.0005116997186709879
577.0	0.002433012368835832	0.0013676487011424422	0.0002496372707700769	-0.0007576388839442166
578.0	0.002771080787795164	0.001199786776210565	-1.1700085123430479e-05	-0.0005047718548604706
579.0	0.0034538464182424368	0.0014826652052624203	0.0006028734770876732	-0.0006987520415548546
580.0	0.002602046578315503	0.0012837177386765036	-0.0002931403145472058	-0.00040778176151327856
581.0	0.0025191866717078244	0.001134507138737066	0.00013763554681572008	-0.0005948340843971453
582.0	0.0024098115949856844	0.001454688217773783	-0.0002270880158048934	-0.0002726884172082664
583.0	0.0026683345036016422	0.001150049909564086	6.0095891770390496e-05	-0.0006294734034497216
584.0	0.0023501524622281536	0.0011189643679100374	0.00010891715605818517	-0.0005047718548604706
585.0	0.002134716705048197	0.0013863000261348643	0.0001405073858914703	-0.0006121537439234335
586.0	0.00253244425676505	0.001293043401172719	0.000456409684224281	-0.0005601947653445789
587.0	0.00243964116136445	0.0012153295470375936	-0.0002500627284109197	-0.0006883602458390836
588.0	0.0019093377590753088	0.001153158463729488	-0.00013231732630504612	-0.0008615568411019258
589.0	0.0023832964248712324	0.001171809788721919	6.871140899764935e-05	-0.000480524331523675
590.0	0.0019424817217183784	0.0010443590679403143	2.659110255336981e-06	-0.0005220915143867587
591.0	0.00218774704527711	0.001066118947098156	7.158324807339957e-05	-0.0009169797515860341
592.0	0.0017005307944239602	0.0008112175055349381	-0.0009881253708793974	-0.0005982980163024089
593.0	0.00207837196855497	0.000994622201293835	-0.00015529203891107243	-0.0009135158196807804
594.0	0.0020419136096475965	0.0010288162971132946	-0.00014093284353230499	-0.000986258389691177
595.0	0.0024098115949856844	0.0012557407511878573	-2.1272882042140816e-07	-0.0006537209267865172
596.0	0.002012084043268831	0.0008951484680008767	8.019876530065841e-05	-0.0005844422886813744
597.0	0.0015016670185655336	0.0008298688305273689	-1.7443763274939095e-05	-0.0009239076153965514
598.0	0.0019921976656829873	0.0006651154597609027	-0.0001294454872292959	-0.0005913701524918916
599.0	0.0012796024688569497	0.0008174346138657513	9.74297997551761e-05	-0.0006814323820285665
600.0	0.0016607580392522731	0.0007024181097457642	-0.0002845247973199469	-0.0009169797515860341
